4294967294,0
4294967278,2
4294967279,27
4294967279,25
4294967279,24
4294967279,23
4294967279,22
4294967278,363
4294967278,362
4294967278,361
4294967278,432
4294967279,447
4294967278,415
4294967278,414
4294967278,205
4294967278,413
4294967278,444
4294967278,358
4294967279,20
4294967278,392
4294967278,443
4294967278,356
4294967278,442
4294967278,355
4294967279,19
4294967279,17
4294967279,16
4294967279,15
4294967279,14
4294967279,11
4294967279,10
4294967279,9
4294967279,370
4294967278,412
4294967278,354
4294967279,446
4294967278,404
4294967278,441
4294967278,174
4294967294,40
4294967294,43
4294967279,434
4294967278,390
4294967278,353
4294967279,193
4294967279,433
4294967278,305
4294967279,366
4294967278,352
4294967278,304
4294967279,365
4294967278,375
4294967278,351
4294967278,374
4294967279,394
4294967278,350
4294967278,411
4294967294,417
4294967294,52
4294967278,184
4294967278,303
4294967279,416
4294967278,440
4294967278,349
4294967278,260
4294967279,443
4294967278,348
4294967279,429
4294967278,426
4294967278,380
2,4
4294967294,426
4294967294,82
4294967294,127
4294967294,19
4294967294,12
4294967294,1087
4294967294,27
4294967294,83
4294967294,81
4294967294,1249
4294967294,68
4294967294,11
4294967294,92
4294967294,88
4294967278,425
4294967279,380
4294967279,260
4294967278,389
4294967279,357
4294967279,300
4294967279,441
4294967279,442
3,2
7,2
4294967278,347
15,2
26,2
4294967294,5
4294967279,350
15,6
26,5
11,6
4294967294,6
3,4
4294967278,132
4294967278,131
4294967278,130
4294967278,129
4294967278,128
4294967278,127
4294967278,126
4294967278,125
4294967278,124
4294967278,123
4294967278,122
4294967278,121
4294967278,120
4294967278,119
4294967278,118
4294967278,117
4294967278,116
4294967278,115
4294967278,114
4294967278,113
4294967278,112
4294967278,111
4294967278,110
4294967278,109
4294967278,108
4294967278,107
4294967278,106
4294967278,105
4294967278,104
4294967278,103
4294967278,102
4294967278,101
4294967278,100
4294967278,99
4294967278,98
4294967278,97
4294967278,96
4294967278,95
4294967278,94
4294967278,93
4294967278,92
4294967278,91
4294967278,90
4294967278,89
4294967278,87
4294967278,86
4294967278,85
4294967278,84
4294967278,83
4294967278,82
4294967278,81
4294967278,80
4294967278,79
4294967278,78
4294967278,77
4294967278,76
4294967278,75
4294967278,74
4294967278,73
4294967278,72
4294967278,71
4294967278,70
4294967278,69
4294967278,68
4294967278,67
4294967278,66
4294967278,65
4294967278,64
4294967278,63
4294967278,62
4294967278,61
4294967278,0
4294967279,83
4294967279,81
4294967279,78
4294967279,75
4294967279,72
4294967279,69
4294967279,68
4294967279,64
4294967279,62
4294967279,58
4294967279,57
4294967279,56
4294967279,55
4294967279,50
4294967279,38
4294967279,413
4294967279,35
4294967279,31
4294967279,29
4294967279,28
4294967279,348
4294967279,0
4294967279,26
4294967279,21
4294967279,18
4294967279,444
4294967279,13
4294967279,437
4294967279,12
4294967279,8
4294967279,7
4294967279,6
4294967279,5
4294967279,4
4294967279,46
4294967279,414
4294967279,398
11,2
4294967279,43
4294967279,397
11,5
11,4
15,7
7,6
7,5
7,4
4294967294,93
4294967294,95
4294967294,1241
15,5
15,4
4294967294,17
4294967294,67
4294967294,99
4294967294,36
4294967294,39
4294967294,41
4294967294,438
4294967294,51
4294967294,470
4294967294,473
4294967294,25
4294967294,1242
4294967294,26
4294967294,1163
26,4
11,1
0,5
4294967279,39
4294967279,412
4294967294,7
4294967279,445
28,5
28,4
28,3
28,2
28,1
4294967294,1166
4294967294,471
4294967278,439
4294967293,131
4294967293,130
4294967293,129
4294967293,128
4294967293,127
4294967293,126
4294967293,125
4294967293,124
4294967293,123
4294967293,122
4294967293,121
4294967293,120
4294967293,119
4294967293,118
4294967293,117
4294967293,116
4294967293,115
4294967293,114
4294967293,113
4294967293,112
4294967293,111
4294967293,110
4294967293,109
4294967293,108
4294967293,107
4294967293,106
4294967293,105
4294967293,104
4294967293,103
4294967293,102
4294967293,101
4294967293,100
4294967293,99
4294967293,98
4294967293,97
4294967293,96
4294967293,95
4294967293,94
4294967293,93
4294967293,92
4294967293,91
4294967293,90
4294967293,89
4294967293,88
4294967293,87
4294967293,86
4294967293,85
4294967293,84
4294967293,83
4294967293,82
4294967293,81
4294967293,80
4294967293,79
4294967293,78
